1:2(60,1,0,0,0,0,0)
2:12(58,0,0,0,1,0,0)
2:3(65,1,0,0,0,0,0)
3:4(63,0,0,0,0,0,0)
4:14(58,0,1,0,0,0,0)
4:5(100,1,0,0,1,1,0)
5:6(50,0,0,0,1,0,0)
6:16(58,0,0,0,3,4,0)
6:7(60,0,0,0,1,1,1)
7:17(58,0,0,1,3,5,0)
7:8(60,0,0,0,0,0,0)
8:9(65,0,0,0,1,1,0)
9:19(58,2,1,0,3,2,0)
9:10(63,0,0,0,3,5,0)
11:1(58,0,0,0,0,0,0)
12:22(80,0,0,0,1,1,0)
12:11(60,0,0,0,1,1,0)
12:2(58,0,0,1,1,1,0)
13:12(65,0,0,0,1,1,0)
13:3(58,0,0,0,3,3,0)
14:24(80,1,0,0,0,0,0)
14:13(63,1,0,0,1,1,1)
15:24(128,1,0,0,3,0,0)
15:14(100,2,1,0,1,1,0)
15:5(58,0,0,1,1,0,0)
16:26(80,0,1,0,1,1,0)
16:15(50,1,0,0,1,1,1)
16:6(58,0,0,1,3,4,0)
17:16(60,0,0,0,0,0,0)
18:17(60,1,0,0,0,0,1)
18:8(58,0,0,1,1,2,0)
19:28(80,0,0,1,2,2,0)
19:18(65,0,0,1,0,2,0)
20:19(63,1,1,0,0,1,0)
20:10(58,0,0,0,1,0,0)
21:22(60,0,0,0,1,0,0)
21:11(80,0,0,0,0,0,1)
22:31(30,0,0,0,1,1,0)
22:23(65,1,0,0,1,0,1)
22:21(60,0,0,1,1,0,0)
22:12(80,0,0,0,1,0,0)
23:24(63,0,1,0,0,0,0)
23:22(65,0,0,0,1,0,1)
23:13(80,0,0,0,3,3,0)
24:32(30,0,1,0,0,0,0)
24:25(100,0,0,0,0,0,0)
24:23(63,0,1,0,0,0,0)
25:26(50,0,1,0,1,0,0)
25:24(100,0,0,0,0,0,0)
25:15(80,0,0,0,1,2,1)
26:34(30,1,1,0,1,0,0)
26:25(50,0,1,0,1,0,0)
26:16(80,0,0,1,1,0,0)
27:28(65,0,0,0,0,0,0)
27:18(80,0,0,0,1,1,0)
28:36(30,0,0,1,2,2,0)
28:29(63,0,0,0,1,0,0)
28:27(65,0,0,1,0,0,0)
29:28(63,0,0,0,1,0,0)
29:20(80,0,0,0,1,1,0)
30:31(60,0,0,0,3,0,0)
30:21(30,0,0,0,0,0,1)
31:39(60,0,1,0,1,0,0)
31:22(30,0,0,0,1,2,0)
32:41(60,0,0,0,0,4,0)
32:33(100,0,0,0,3,5,0)
33:34(50,0,0,0,3,5,0)
33:25(30,0,0,0,1,0,1)
34:43(60,0,0,0,1,0,1)
34:26(30,1,0,0,1,0,0)
35:36(65,1,0,0,0,0,1)
35:27(30,0,0,0,1,1,1)
36:46(60,0,0,1,2,2,0)
36:37(63,0,0,0,0,0,0)
37:29(30,0,0,1,2,0,0)
38:30(60,0,0,0,0,2,0)
39:49(62,0,1,0,1,0,0)
39:38(60,1,1,0,0,0,0)
39:31(60,0,0,0,1,0,0)
40:39(65,0,1,0,1,0,1)
41:51(62,0,0,0,0,0,0)
41:40(63,1,0,0,1,1,0)
42:41(100,1,0,1,1,1,0)
42:33(60,0,0,0,2,4,0)
43:53(62,0,0,0,1,1,0)
43:42(50,0,0,0,1,1,0)
43:34(60,0,0,0,1,1,1)
44:54(62,0,0,1,3,5,0)
44:43(60,0,0,1,0,0,0)
45:44(60,0,0,0,0,0,1)
45:35(60,0,0,0,1,1,0)
46:56(62,0,0,1,2,1,0)
46:45(65,0,0,1,0,0,0)
47:46(63,0,0,0,0,0,0)
47:37(60,0,0,1,3,4,0)
48:49(60,0,0,0,1,1,0)
48:38(62,0,0,0,2,1,0)
49:50(65,0,0,0,1,0,0)
49:39(62,0,1,0,1,1,0)
50:51(63,0,0,1,3,2,0)
50:40(62,0,0,0,3,1,0)
51:52(100,0,0,0,0,0,0)
52:53(50,0,0,0,0,0,1)
52:42(62,0,0,0,2,0,0)
53:54(60,0,0,0,0,1,1)
53:43(62,0,0,0,1,1,0)
54:55(60,1,0,0,0,0,0)
55:56(65,0,0,0,0,0,0)
55:45(62,0,0,0,1,1,0)
56:57(63,0,0,0,0,0,0)
57:47(62,0,0,0,3,5,3)
